DateTime,Entries,UniqueIPs
1555363224,314,314
1555365138,312,312
1555369351,313,313
1555371161,316,316
1555373101,313,313
1555376930,317,317
1555378845,315,315
1555380782,315,315
1555382684,314,314
1555384602,317,317
1555386501,316,316
1555388437,315,315
1555390371,314,314
1555392290,311,311
1555394221,314,314
1555396125,313,313
1555398155,310,310
1555399961,310,310
1555402126,306,306
1555404027,304,304
1555405968,303,303
1555407883,305,305
1555409816,305,305
1555411720,305,305
1555413655,305,305
1555415551,302,302
1555417484,303,303
1555419407,304,304
1555421309,307,307
1555423346,304,304
1555425189,302,302
1555427088,300,300
1555429007,301,301
1555430924,301,301
1555432842,305,305
1555434749,308,308
1555436688,308,308
1555438601,308,308
1555440787,329,329
1555442668,330,330
1555444607,335,335
1555446699,336,336
1555448701,337,337
1555450870,336,336
1555452750,338,338
1555454756,337,337
1555456592,336,336
1555458528,337,337
1555460442,340,340
1555462372,339,339
1555464277,338,338
1555466214,335,335
1555468114,333,333
1555470316,331,331
1555472187,331,331
1555474376,330,330
1555476272,329,329
1555478471,328,328
1555480372,326,326
1555482284,324,324
1555484197,325,325
1555486287,327,327
1555488318,330,330
1555490196,329,329
1555492115,326,326
1555494062,326,326
1555495953,322,322
1555497907,322,322
1555499803,325,325
1555501710,323,323
1555503660,318,318
1555505591,320,320
1555507476,318,318
1555509414,318,318
1555511303,313,313
1555513385,310,310
1555515408,310,310
1555517397,309,309
1555519234,306,306
1555521170,303,303
1555523087,304,304
1555524997,305,305
1555526909,282,282
1555528859,284,284
1555530754,285,285
1555532684,287,287
1555534604,286,286
1555536515,295,295
1555538597,302,302
1555540881,310,310
1555542771,312,312
1555544664,312,312
1555546593,311,311
1555548514,311,311
1555550456,315,315
1555552348,317,317
1555554280,318,318
1555558136,317,317
1555560182,316,316
1555562175,315,315
1555564106,314,314
1555566037,315,315
1555568191,317,317
1555570343,319,319
1555572258,313,313
1555574179,315,315
1555576111,315,315
1555578091,313,313
1555579965,316,316
1555581899,317,317
1555583961,319,319
1555585950,321,321
1555587872,322,322
1555589798,322,322
1555591712,323,323
1555593659,325,325
1555595550,328,328
1555597483,331,331
1555599399,330,330
1555601340,329,329
1555603325,331,331
1555605194,332,332
1555607080,333,333
1555609004,332,332
1555610912,332,332
1555612814,330,330
1555615023,330,330
1555616929,333,333
1555618851,332,332
1555620767,329,329
1555622666,320,320
1555626154,312,312
1555627975,314,314
1555629899,312,312
1555631812,310,310
1555633972,311,311
1555635906,312,312
1555637815,311,311
1555639719,310,310
1555641673,308,308
1555643551,306,306
1555645506,307,307
1555647417,308,308
1555649311,309,309
1555651251,248,248
1555653144,259,259
1555655066,263,263
1555657027,267,267
1555658915,279,279
1555661081,294,294
1555662981,292,292
1555664911,295,295
1555666846,292,292
1555668754,292,292
1555670674,295,295
1555672607,295,295
1555674515,297,297
1555676458,294,294
1555678362,294,294
1555680265,295,295
1555682377,294,294
1555684359,296,296
1555686301,294,294
1555688190,296,296
1555690137,292,292
1555692043,291,291
1555693948,291,291
1555695890,292,292
1555697841,292,292
1555699731,291,291
1555701638,291,291
1555703577,291,291
1555705461,289,289
1555707394,287,287
1555709336,282,282
1555711315,280,280
1555713166,283,283
1555715113,281,281
1555716993,280,280
1555718936,276,276
1555720844,278,278
1555722763,281,281
1555724686,283,283
1555726599,280,280
1555732345,280,280
1555734283,278,278
1555736199,277,277
1555738108,276,276
1555740152,264,264
1555741980,259,259
1555743901,260,260
1555745790,253,253
1555747714,251,251
1555749650,254,254
1555751557,261,261
1555753478,267,267
1555755391,266,266
1555757327,264,264
1555759242,269,269
1555761151,273,273
1555763092,272,272
1555764988,273,273
1555767171,271,271
1555769330,272,272
1555771225,274,274
1555773155,275,275
1555775094,274,274
1555777009,278,278
1555778913,277,277
1555780824,280,280
1555782743,282,282
1555786606,286,286
1555788506,287,287
1555790555,283,283
1555792373,284,284
1555794329,287,287
1555796204,287,287
1555798363,285,285
1555800836,284,284
1555802688,285,285
1555804587,286,286
1555806510,286,286
1555808564,286,286
1555810370,287,287
1555812303,288,288
1555814193,289,289
1555816111,291,291
1555818024,289,289
1555819944,289,289
1555821898,290,290
1555823779,291,291
1555825701,290,290
1555827664,292,292
1555829551,290,290
1555831459,285,285
1555833406,281,281
1555835308,277,277
1555837352,276,276
1555839165,271,271
1555841106,275,275
1555842981,281,281
1555845165,310,310
1555847064,385,385
1555849022,2386,2386
1555850970,5346,5346
1555852866,8177,8177
1555854788,8202,8202
1555856658,8202,8202
1555858579,8202,8202
1555860513,8203,8203
1555862549,8201,8201
1555864352,8201,8201
1555866295,8204,8204
1555868176,8202,8202
1555872040,8203,8203
1555873948,8203,8203
1555875869,8203,8203
1555877807,8205,8205
1555879696,8205,8205
1555883560,8207,8207
1555885468,8206,8206
1555887670,8203,8203
1555889543,8205,8205
1555891365,8204,8204
1555893393,8203,8203
1555895306,8202,8202
1555897215,8202,8202
1555899155,8203,8203
1555901078,8207,8207
1555902990,8204,8204
1555904920,8202,8202
1555906851,8203,8203
1555908743,8203,8203
1555910658,8201,8201
1555912610,8199,8199
1555914500,8196,8196
1555916513,8199,8199
1555918383,8198,8198
1555920279,8195,8195
1555922186,8192,8192
1555924118,8190,8190
1555926035,8190,8190
1555927940,8189,8189
1555929870,8186,8186
1555931813,8189,8189
1555933713,8013,8013
1555935677,5686,5686
1555937558,2931,2931
1555939469,323,323
1555941395,301,301
1555943307,301,301
1555945315,302,302
1555947162,307,307
1555948977,308,308
1555950980,312,312
1555952926,309,309
1555954834,310,310
1555956743,311,311
1555958672,312,312
1555960573,312,312
1555962517,311,311
1555964446,312,312
1555966353,312,312
1555968270,311,311
1555970190,312,312
1555972123,314,314
1555974067,317,317
1555976476,318,318
1555978368,318,318
1555980284,318,318
1555982217,314,314
1555984119,316,316
1555986044,318,318
1555987947,315,315
1555989870,318,318
1555991798,317,317
1555993710,318,318
1555995788,323,323
1555997788,327,327
1555999709,328,328
1556001635,327,327
1556003535,326,326
1556005466,324,324
1556007396,322,322
1556009303,320,320
1556011246,322,322
1556013155,321,321
1556015174,315,315
1556016995,311,311
1556018904,322,322
1556020980,332,332
1556022971,335,335
1556024925,336,336
1556026838,336,336
1556028743,335,335
1556030654,353,353
1556032609,373,373
1556034498,396,396
1556036604,405,405
1556038571,407,407
1556040501,404,404
1556042514,408,408
1556044361,409,409
1556046286,408,408
1556048174,410,410
1556050345,411,411
1556052506,409,409
1556054423,407,407
1556056375,404,404
1556059347,404,404
1556061152,402,402
1556063088,403,403
1556064998,403,403
1556066909,406,406
1556068841,410,410
1556070766,410,410
1556072665,414,414
1556074594,417,417
1556076524,420,420
1556078588,419,419
1556080588,420,420
1556082503,415,415
1556084434,414,414
1556086349,412,412
1556088261,410,410
1556090444,409,409
1556092339,409,409
1556096181,407,407
1556098119,408,408
1556100171,410,410
1556102213,408,408
1556104138,410,410
1556106024,400,400
1556108210,392,392
1556110102,389,389
1556112029,387,387
1556113968,385,385
1556115864,389,389
1556118142,365,365
1556119980,348,348
1556121898,327,327
1556124040,328,328
1556125959,334,334
1556127902,330,330
1556129803,328,328
1556131702,328,328
1556133654,330,330
1556135552,337,337
1556137487,334,334
1556139397,282,282
1556141310,291,291
1556144459,299,299
1556146373,315,315
1556148269,326,326
1556150204,325,325
1556152142,323,323
1556154158,323,323
1556155976,322,322
1556157952,321,321
1556159786,318,318
1556161727,317,317
1556163630,316,316
1556165569,317,317
1556167500,317,317
1556169397,316,316
1556171323,313,313
1556173268,312,312
1556177068,319,319
1556178983,319,319
1556180934,320,320
1556183808,325,325
1556185735,323,323
1556187629,322,322
1556189550,321,321
1556191498,317,317
1556193391,320,320
1556195334,318,318
1556197347,314,314
1556199162,316,316
1556201099,311,311
1556203241,309,309
1556205152,321,321
1556207100,321,321
1556209001,320,320
1556210992,319,319
1556213210,319,319
1556215396,317,317
1556217401,319,319
1556219446,318,318
1556221527,306,306
1556223417,305,305
1556225600,307,307
1556227469,301,301
1556229394,282,282
1556231435,284,284
1556233343,282,282
1556235304,283,283
1556237308,285,285
1556239223,283,283
1556241143,282,282
1556243062,282,282
1556244995,282,282
1556246906,281,281
1556248849,283,283
1556250758,286,286
1556252926,285,285
1556254864,287,287
1556256747,288,288
1556258683,287,287
1556260602,288,288
1556262502,237,237
1556264417,241,241
1556266354,251,251
1556268285,262,262
1556270184,271,271
1556272119,277,277
1556274051,279,279
1556275986,305,305
1556277863,308,308
1556279777,306,306
1556281710,306,306
1556283725,309,309
1556285547,311,311
1556287643,314,314
1556289630,317,317
1556291534,307,307
1556293472,305,305
1556295380,305,305
1556297295,308,308
1556299229,310,310
1556301150,311,311
1556303052,312,312
1556304992,313,313
1556306903,312,312
1556308878,310,310
1556310740,306,306
1556312937,304,304
1556314838,303,303
1556317773,297,297
1556319788,297,297
1556321787,297,297
1556323710,294,294
1556325632,296,296
1556327545,298,298
1556329467,300,300
1556331421,302,302
1556335246,299,299
1556337150,297,297
1556339062,295,295
1556340998,295,295
1556342931,297,297
1556344953,297,297
1556346762,298,298
1556348691,299,299
1556350578,291,291
1556352499,282,282
1556354453,268,268
1556356343,259,259
1556358273,250,250
1556360091,248,248
